691517261204478282 Dbr  9.92 63.06 33.29
525710889568344701 Nsq 22.14 31.22 83.63
747647855073191336 Xzg 68.80 23.65 86.18
708830299051782125 Dul 18.60 20.59 13.15
514613043631468688 Wpi 40.39 68.87 47.90
088309862034340534 Fqa 90.74 19.44 72.40
043899798607275620 Vhr  1.41 64.82 54.76
995614687638858988 Qoe 66.86 76.66 36.73
020766436695386068 Uhe 31.74 43.20 21.19
095367646435473552 Otu 78.38  6.78 59.64
002950526005062447 Ctq 14.33  1.35 39.73
302988555518531557 Lhs 59.84 89.95 72.74
472929019881072644 Jra 35.32  2.24 81.08
000069911737803000 Cev 48.91 71.96 85.78
490332950474013142 Lcg 83.93 74.46 94.03
728279036018322380 Mie 86.40 64.19 86.62
967708805807150892 Nug 52.52 12.22  5.51
234142923361255766 Xpr 16.21 43.69 41.25
439866236465874537 Apa 36.58 75.35 20.57
583327488882149588 Zri 85.41 53.09 93.79
731285394330768046 Rdq 34.70 89.34 22.39
240789241323889983 Oee 44.15  0.67 66.48
904755155066828144 Nac 48.63 45.25 72.28
776937614138417425 Uqi 45.73 60.34 59.68
180187698787320772 Vtn 83.23 99.81  9.67
140618021132311431 Cmw 46.58 71.62 51.89
027029184929870795 Dra 46.47 75.35 52.11
529770180620251324 Fdx  6.24 39.67 99.73
469364198844077103 Idt 49.46 59.84 95.27
597011942786911552 Ctr 87.38 35.25 37.92
572891815130122813 Nhw  6.45  6.88 12.97
927352720765766420 Aoh 55.80 94.78 79.35
776445015121421807 Ehp 34.78 35.66 57.13
711528159614205846 Ppa 80.42 20.28 15.00
761182592452690120 Yef 54.95 31.03 57.80
215602980928198055 Pvd 33.28 79.39 13.99
564600730300532994 Uuy 90.55 43.45 23.16
146500233793532736 Edx 89.56  5.40 23.55
371106027762567268 Zbd 68.32 89.02 39.52
379156573596711474 Siq 27.55 97.21 69.07
723446475993904174 Bqc 18.13 49.45 71.31
913516438673347910 Wbs 28.67 19.34 54.02
621781677732679920 Xgf 72.95 72.07 61.07
530755077442492799 Ryn 77.46  1.94 60.02
914945410684686648 Njw 68.89 69.85 29.50
877809334220082712 Hmm 61.61 40.80 46.81
298231113538387568 Imn 45.19 21.38 75.38
897813284685704576 Hca 71.90 97.31 52.27
126724888972281984 Ayp 44.20 70.87 75.66
935037277086272821 Lbp  2.26 98.49 92.37
502487721833437094 Mbq 11.41 28.17 85.38
572573672069696635 Wqt 49.72 37.01 61.25
704745359641850223 Ayd 95.43 68.73 37.72
765562645044196680 Xya 14.47 71.13 31.13
230731282514112841 Btq 47.99 33.64 43.98
571158153801459723 Gaz 99.80 24.76 52.39
755733755122916134 Lkt 23.94 29.62 93.61
464832785727340888 Uug 12.13 87.43 53.52
583924963423338720 Guc 81.28 29.01 54.14
226710095764132762 Sck 61.00 14.28 41.12
813742655178697958 Uui 81.10 69.76 71.26
708222286120195568 Ose 59.09 26.09 99.95
256350654577477286 Rac 87.65 55.48 68.77
316644309937127216 Chf 22.19  9.27 92.87
797217194220419032 Xde 68.28 55.37 48.59
696467274674175799 Ikg 69.22 15.83 60.87
650857503498084028 Pqf 93.48  4.28 90.80
462919454103453297 Rmc 22.23 63.44 23.07
239400730031520710 Gzb 36.85  2.66 53.55
884632347255531625 Rzm  6.39 35.36 76.71
362530529382632791 Rmn 75.13 16.60 73.16
371923142751421152 Hcg 50.00 80.50 97.15
038838416142334769 Vjk 88.17 77.82 64.06
400475852493199944 Qbh 84.47 13.39 37.89
792528860892947185 Btp 58.95 83.66 18.79
385725051363070111 Fzk 44.35 14.18 30.54
847462802216991910 Ztz 73.60 97.08  8.04
099257268294938999 Uwp 67.32 28.63 84.84
436026217925291656 Mhm 21.34 46.67 80.62
362631883228703630 Iot 94.17 68.16 88.67
666020831763903131 Sfc 94.53 26.65 63.44
872508839179763449 Dzx 68.81  9.79  8.00
895982935213430101 Civ 88.64 96.85 61.56
764700105110547630 Wtz 38.31 96.18 86.96
847473072569421455 Kgq  2.30 82.74 58.17
412710237014746649 Ioc 52.82 35.59 47.79
665481927073816987 Qqq 37.23 75.40 14.56
468349630226695658 Rxi 65.64  1.93 90.85
478448458951869548 Bxx 98.30 31.55 70.17
800312526569502276 Jhs 33.19 34.73 94.64
046482248727194084 Gmn 93.48 73.53 42.54
796499925339205734 Czl 15.03 39.13 15.77
004086659786464524 Arr 33.89 89.30 27.37
720685476501490783 Vgq 73.81 85.92 88.99
726258889682728875 Pqo 33.75 32.46 98.44
655683703639549426 Whn 75.34 11.50 27.15
533824698481543079 Ioj 10.43 22.21  7.69
372349132559046650 Tdj 88.54 17.88 21.25
124751898190453122 Xki 84.41 43.39 85.17
368744622887667732 Iui 85.45 72.73 40.41
