刘得意 60 98 75
王锐 63 90 96
何煜中 90 73 82
王磊 87 86 92
冯松 89 98 83
裴培 75 82 91
马骁 62 67 90
马婧 98 84 87
周俊升 57 68 96
贺祺 61 96 72
李桐 93 83 86
高路 63 74 98
冯佳媛 61 79 81
张迪 99 88 80
张里响 85 65 96
王瑞麒 89 83 91
徐金竹 75 89 73
赵媛媛 77 75 66
宋宗杰 94 100 92
张佳玮 61 98 96
王姝 70 91 90
宋媛媛 61 94 92
于莉 55 66 78
于浩 78 84 72
王竞 90 87 67
崔赞 91 67 93
宋静 69 85 73
王磊 71 78 77
方圆 70 79 76
李朋 90 82 97
马佳 60 90 100
张龙 62 100 78
马里 73 95 73
韩明 83 97 88
马立 73 90 83
吴清正 89 97 85
印虹 92 68 75
田苗苗 75 91 71
卫青 66 73 77
冷云 89 88 71
葛志伟 100 79 71
范振光 98 87 89
王芳 71 97 99
杨超 67 73 82
杨梦婕 89 99 67
梁雅宁 55 88 100
王琦 98 95 98
吴玮 69 76 68
杨阔 90 91 98
贾伟林 63 90 86
刘亚新 77 81 95
金昕 92 67 69
董一伟 93 88 80
汤娜 68 85 71
周恒 87 82 69
张笑 86 88 76
文静 93 88 85
杨华鑫 81 81 68
苏明霞 59 79 94
黄京 62 75 96
佟欣 60 79 98
张雯 69 70 93
刘京西 67 78 78
徐嘉琦 90 75 87
魏佳 100 94 80
高举 81 99 91
边里 56 94 87
何佳成 70 75 78
赵旭洋 87 91 94
孙大伟 65 69 98
鲁继森 84 79 75
白涛 57 82 75
蔺剑飞 88 75 79
兰天 83 66 74
王悦 79 82 70
陈世勃 70 92 65
张昊 94 83 96
高清 76 83 84
王欣欣 71 83 78
王欢欢 57 33 66
叶丹 87 80 96
李悦 63 79 97
郭倩 69 94 69
刘盈 99 72 93
杨洁 96 79 87
徐一菡 85 45 62
王蒙 67 97 89
张敏 85 75 89
桂佳 60 73 65
林倩 67 77 80
任盛达 57 86 88
吴佳林 96 65 82
黄金龙 85 90 78
陈美珠 82 72 83
冼丹 100 89 89
唐楠 68 97 77
张扬 77 65 93
宋航彬 80 71 91
薛淇文 89 71 75
刘紫亮 72 98 84


